111111111111111111111111111111111111111111111111111111111111111111111111
100001000000000000100003300000000000000000000001100000000000000000000001
100001000000000000100003300000000000000000000001100000000000000000000001
100001000000000000100003300000000000000000000001100000000000000000000001
100001000000000000100003300000000000000000000001100000000000000000000001
100001000000000000100003300000000000000000000001100000000000000000000001
100001000000000000100003300000000000000000000001100000000000000000000001
100001000000000000100003300000000000000000000001100000000000000000000001
100001000000000000100003300000000000000000000001100000000000000000000001
10000100000A000000100003300000000000000000000001100000000000000000000001
100001000000000000100003300000000000000000000001100000000000000000000001
100001000000000000100003300000000000000000000001100000000000000000000001
100001000000000000100003300000000000000000000001100000000000A00000000001
100001000000000000100003300000000000000000000001100000000000000000000001
100001000000000000100003300000000000000000000001100000000000000000000001
100001000000000000100003300000000000000000000001100000000000000000000001
100001000000000000100003300000000000000000000001100000000000000000000001
100001000000000000100003300000000000000000000001100000000000000000000001
100001000000000000100003300000000000000000000001100000000000000000000001
100001000000000000100003300000000000000000000001100000000000000000000001
100001000000000000100003300000000000000000000001100000000000000000000001
100001000000000000100003300000000000000000000001100000000000000000000001
100001000000000000100003300000000000000000000001100000000000000000000001
100001000100001000100003300000000000000000000001100000000000000000000001
100001000100001000100003300000000000000000000001100000000000000000000001
100001000100001000100003300000000000000000000001100000000000000000000001
100001111100001111100003300000000000000000000001100000000000000000000001
100000000000000000000003300000000000000000000001100000000000000000000001
100000000000000000000003300000000000000000000001100000000000000000000001
100000000000000000000003300000000000000000000001100000000000000000000001
100000000000000000000003300000000000000000000001100000000000000000000001
100000000000000000000001122222222222222222222221111111111111111111111111
100000000000000000000001122222222222222222222221111111111111111111111111
100000000000000000000004400000000000000000000001100000000000000000000001
100000000000000000000004400000000000000000000001100000000000000000000001
100000000000000000000004400000000000000000000001100000000000000000000001
100000000000000000000004400000000000000000000001100000000000000000000001